service_id,monday,tuesday,wednesday,thursday,friday,saturday,sunday,start_date,end_date
ATS_HBL 23-33133,0,0,0,0,0,1,0,20230909,20230930
ATS_HBL 23-33132,0,0,0,0,0,0,1,20230910,20231001
ATS_HBL 23-34321,0,0,0,0,0,0,1,20230917,20230917
ATS_HBL 23-34320,1,1,1,1,1,0,0,20230918,20230921
ATS_TBS 23-34316,0,0,0,0,0,0,1,20230903,20230917
ATS_TBS 23-34324,1,1,1,1,1,0,0,20230904,20230914
ATS_TBS 23-34318,1,1,1,1,1,0,0,20230908,20230915
ATS_TBS 23-34335,0,0,0,0,0,1,0,20230909,20230916
ATS_TBS 23-34238,1,1,1,1,1,0,0,20231003,20231005
BBL 23_24-33204,1,1,1,1,1,0,0,20230829,20231027
BCC 23_24-33560,1,1,1,1,0,0,0,20230829,20231026
BCC 23_24-33561,0,0,0,0,1,0,0,20230901,20231027
BCC 23_24-34347,0,0,0,0,0,1,0,20230902,20230902
BCC 23_24-33563,0,0,0,0,0,0,1,20230903,20231022
BCC 23_24-33562,0,0,0,0,0,1,0,20230909,20231028
BITS 23_24-33239,1,1,1,1,1,0,0,20230829,20231027
BITS 23_24-33239-0000100,0,0,0,0,1,0,0,20230829,20231027
BITS 23_24-33237,0,0,0,0,0,1,0,20230902,20231028
BITS 23_24-33238,0,0,0,0,0,0,1,20230903,20231022
CDC 23_24-34280,1,1,1,1,1,0,0,20230829,20231027
BT 23_24-34267,1,1,1,1,1,0,0,20230829,20231027
BT 23_24-34267-1111000,1,1,1,1,0,0,0,20230829,20231027
BT 23_24-34267-0000100,0,0,0,0,1,0,0,20230829,20231027
BT 23_24-34267-1000000,1,0,0,0,0,0,0,20230829,20231027
BT 23_24-34267-0111100,0,1,1,1,1,0,0,20230829,20231027
BT 23_24-34279,0,0,0,0,0,1,0,20230902,20230902
BT 23_24-34270,0,0,0,0,0,0,1,20230903,20231022
BT 23_24-34282,0,0,0,0,0,1,0,20230909,20230916
BT 23_24-34277,1,1,1,1,1,0,0,20230918,20230922
BT 23_24-34277-0000100,0,0,0,0,1,0,0,20230918,20230922
BT 23_24-34277-1111000,1,1,1,1,0,0,0,20230918,20230922
BT 23_24-34275,0,0,0,0,0,1,0,20230923,20231028
BT 23_24-34273,1,1,1,1,1,0,0,20230925,20230929
BT 23_24-34273-0000100,0,0,0,0,1,0,0,20230925,20230929
BT 23_24-34273-1111000,1,1,1,1,0,0,0,20230925,20230929
BT 23_24-34268,0,0,0,0,0,0,1,20231002,20231002
CBL 23_24-33284,1,1,1,1,1,0,0,20230829,20231027
CBL 23_24-33284-0001000,0,0,0,1,0,0,0,20230829,20231027
CBL 23_24-34344,0,0,0,0,1,0,0,20230901,20230901
CBL 23_24-33281,0,0,0,0,0,1,0,20230902,20231028
CBL 23_24-33283,0,0,0,0,0,0,1,20230903,20231022
CBL 23_24-33282,1,1,1,1,1,0,0,20230918,20230929
CBL 23_24-33282-0001000,0,0,0,1,0,0,0,20230918,20230929
GCLR 23_24-33288,1,1,1,1,0,0,0,20230829,20231026
GCLR 23_24-34304,0,0,0,0,1,0,0,20230901,20230901
GCLR 23_24-34302,0,0,0,0,0,1,0,20230902,20230902
GCLR 23_24-34303,0,0,0,0,0,0,1,20230903,20230903
GCLR 23_24-33289,0,0,0,0,1,0,0,20230908,20231027
GCLR 23_24-33287,0,0,0,0,0,1,0,20230909,20231028
GCLR 23_24-33286,0,0,0,0,0,0,1,20230910,20231022
GUNM 23-33029,1,1,1,1,1,0,0,20230829,20231027
GUNM 23-33028,1,1,1,1,1,0,0,20230925,20230929
HBL 23_24-33831,1,1,1,1,1,0,0,20230829,20231027
HBL 23_24-33830,1,1,1,1,1,0,0,20230901,20230929
HBL 23_24-33832,0,0,0,0,0,1,0,20230902,20231028
HBL 23_24-33833,0,0,0,0,0,0,1,20230903,20231022
HBL 23_24-33834,0,0,0,0,0,0,1,20231002,20231002
KBL 23_24-34061,1,1,1,1,1,0,0,20230829,20230915
KBL 23_24-34338,0,0,0,0,1,0,0,20230901,20230901
KBL 23_24-33453,0,0,0,0,0,1,0,20230902,20231028
KBL 23_24-33454,0,0,0,0,0,0,1,20230903,20231022
KBL 23_24-33452,1,1,1,1,1,0,0,20230918,20230929
KBL 23_24-33451,1,1,1,1,1,0,0,20231003,20231027
LCBS 23_24-34120,1,1,1,1,1,0,0,20230829,20231027
LCBS 23_24-34120-0001000,0,0,0,1,0,0,0,20230829,20231027
LCBS 23_24-34120-0000100,0,0,0,0,1,0,0,20230829,20231027
LCBS 23_24-34119,1,1,1,1,1,0,0,20230901,20230929
LCBS 23_24-34119-0001000,0,0,0,1,0,0,0,20230901,20230929
LCBS 23_24-34119-0000100,0,0,0,0,1,0,0,20230901,20230929
LCBS 23_24-34345,0,0,0,0,0,1,0,20230902,20230902
LCBS 23_24-34114,0,0,0,0,0,0,1,20230903,20231022
LCBS 23_24-34116,0,0,0,0,0,1,0,20230909,20231028
LCBS 23_24-34118,0,0,0,0,0,0,1,20231002,20231002
LOGC 23_24-33196,1,1,1,1,1,0,0,20230829,20231027
LOGC 23_24-33197,0,0,0,0,0,1,0,20230902,20231028
LVB 23_24-33218,1,1,1,1,1,0,0,20230829,20231027
LVB 23_24-33220,0,0,0,0,0,1,0,20230902,20231028
LVB 23_24-33219,0,0,0,0,0,0,1,20230903,20231022
MGB 23_24-33209,1,1,1,1,1,0,0,20230829,20231027
MGB 23_24-33207,1,1,1,1,1,0,0,20230901,20230929
MGB 23_24-33206,0,0,0,0,0,1,0,20230902,20231028
MGB 23_24-33208,0,0,0,0,0,0,1,20230903,20231022
PRT 23_24-34216,1,1,1,1,1,0,0,20230829,20231027
PRT 23_24-34362,0,0,0,0,1,0,0,20230901,20230901
PRT 23_24-34208,0,0,0,0,0,1,0,20230902,20231028
PRT 23_24-34207,0,0,0,0,0,0,1,20230903,20231022
PRT 23_24-34209,1,1,1,1,1,0,0,20230918,20230929
PRT 23_24-34232,1,1,1,1,1,1,1,20231002,20231002
PRT 23_24-34232-1111111,1,1,1,1,1,1,1,20231002,20231002
QR 23_24-33671,1,1,1,1,0,0,0,20230829,20230831
QR 23_24-33669,0,0,0,0,1,0,0,20230901,20230901
QR 23_24-34358,0,0,0,0,0,1,0,20230902,20230902
QR 23_24-34305,0,0,0,0,0,0,1,20230903,20230903
QR 23_24-34310,1,1,1,1,0,0,0,20230904,20230914
QR 23_24-34311,0,0,0,0,1,0,0,20230908,20230915
QR 23_24-34308,0,0,0,0,0,1,0,20230909,20230909
QR 23_24-34309,0,0,0,0,0,0,1,20230910,20230910
QR 23_24-34312,0,0,0,0,0,1,0,20230916,20230916
QR 23_24-34359,0,0,0,0,0,0,1,20230917,20230917
QR 23_24-34375,1,1,1,1,0,0,0,20230918,20230921
QR 23_24-34367,0,0,0,0,1,0,0,20230922,20231027
QR 23_24-34392,0,0,0,0,0,1,0,20230923,20230923
QR 23_24-34393,0,0,0,0,0,0,1,20230924,20230924
QR 23_24-34397,1,1,1,1,0,0,0,20230925,20230928
QR 23_24-34396,0,0,0,0,1,0,0,20230929,20230929
QR 23_24-34368,0,0,0,0,0,1,0,20230930,20231028
QR 23_24-34369,0,0,0,0,0,0,1,20231001,20231022
QR 23_24-34371,0,0,0,0,0,0,1,20231002,20231002
QR 23_24-33963,1,1,1,1,0,0,0,20231003,20231005
QR 23_24-34366,1,1,1,1,0,0,0,20231009,20231026
SBL 23_24-34390,1,1,1,1,1,0,0,20230829,20231027
SBL 23_24-34390-1111000,1,1,1,1,0,0,0,20230829,20231027
SBL 23_24-34390-0000100,0,0,0,0,1,0,0,20230829,20231027
SBL 23_24-34387,0,0,0,0,0,0,1,20230901,20231022
SBL 23_24-34388,0,0,0,0,0,1,0,20230902,20231028
SBL 23_24-34340,1,1,1,1,1,0,0,20230904,20230915
SBL 23_24-34340-1111000,1,1,1,1,0,0,0,20230904,20230915
SBL 23_24-34340-0000100,0,0,0,0,1,0,0,20230904,20230915
SBL 23_24-34389,1,1,1,1,1,0,0,20230918,20230929
SBL 23_24-34389-1111000,1,1,1,1,0,0,0,20230918,20230929
SBL 23_24-34389-0000100,0,0,0,0,1,0,0,20230918,20230929
SUN 23_24-34151,1,1,1,1,1,0,0,20230829,20231027
SUN 23_24-34151-1111000,1,1,1,1,0,0,0,20230829,20231027
SUN 23_24-34151-0010000,0,0,1,0,0,0,0,20230829,20231027
SUN 23_24-34151-1110100,1,1,1,0,1,0,0,20230829,20231027
SUN 23_24-34151-0001000,0,0,0,1,0,0,0,20230829,20231027
SUN 23_24-34151-0000100,0,0,0,0,1,0,0,20230829,20231027
SUN 23_24-34148,0,0,0,0,0,1,0,20230902,20231028
SUN 23_24-34147,0,0,0,0,0,0,1,20230903,20231022
SUN 23_24-34150,1,1,1,1,1,0,0,20230918,20230929
SUN 23_24-34150-1111000,1,1,1,1,0,0,0,20230918,20230929
SUN 23_24-34150-0010000,0,0,1,0,0,0,0,20230918,20230929
SUN 23_24-34150-1110100,1,1,1,0,1,0,0,20230918,20230929
SUN 23_24-34150-0001000,0,0,0,1,0,0,0,20230918,20230929
SUN 23_24-34150-0000100,0,0,0,0,1,0,0,20230918,20230929
SUN 23_24-34149,0,0,0,0,0,0,1,20231002,20231002
TBS 23_24-33852,1,1,1,1,1,0,0,20230829,20231027
TBS 23_24-33851,1,1,1,1,1,0,0,20230901,20230929
TBS 23_24-33850,0,0,0,0,0,1,0,20230902,20231028
TBS 23_24-33849,0,0,0,0,0,0,1,20230903,20231022
TDEV 23_24-33409,1,1,1,1,1,0,0,20230829,20231027
TDEV 23_24-33411,1,1,1,1,1,0,0,20230901,20230929
TDEV 23_24-33408,0,0,0,0,0,1,0,20230902,20231028
TDEV 23_24-33413,0,0,0,0,0,0,1,20230903,20231022
TDEV 23_24-33410,1,1,1,1,1,1,1,20231002,20231002
TDEV 23_24-33410-1111111,1,1,1,1,1,1,1,20231002,20231002
WBS 23_24-33444,1,1,1,1,1,0,0,20230829,20231027
WBS 23_24-34364,0,0,0,0,1,0,0,20230901,20230901
WBS 23_24-33447,0,0,0,0,0,1,0,20230902,20231028
WBS 23_24-33448,0,0,0,0,0,0,1,20230903,20231022
WBS 23_24-33445,1,1,1,1,1,0,0,20230918,20230929
WBS 23_24-33446,0,0,0,0,0,0,1,20231002,20231002
